0.415991902834008
0.810728744939271
0.309716599190283
0.994433198380567
0.782894736842105
0.717105263157895
0.909919028340081
0.909919028340081
0.148279352226721
0.952935222672065
0.730263157894737
0.945344129554656
1.0086032388664
0.27834008097166
0.225202429149798
0.102226720647773
0.135121457489879
0.31578947368421
0.273785425101215
0.643724696356275
0.927631578947368
0.104757085020243
0.634109311740891
0.429655870445344
0.187753036437247
0.995951417004049
0.470141700404858
0.520242914979757
0.603238866396761
0.950910931174089
0.345141700404858
0.990890688259109
0.986336032388664
0.950910931174089
0.877024291497976
0.759109311740891
1.02226720647773
0.144230769230769
0.116396761133603
1.00202429149798
0.950910931174089
0.93168016194332
0.939777327935223
0.968117408906883
0.937753036437247
0.137651821862348
0.42914979757085
0.939271255060729
0.681174089068826
0.968623481781376
0.337550607287449
0.901821862348178
0.935728744939271
0.946862348178138
0.103238866396761
0.482287449392713
0.951923076923077
0.967105263157895
0.766194331983806
0.822368421052632
0.535931174089069
0.959514170040486
0.687753036437247
0.653846153846154
0.994433198380567
0.197874493927125
0.972672064777328
0.810728744939271
0.7332995951417
0.94585020242915
0.370951417004049
0.654858299595142
0.903846153846154
0.951417004048583
0.888663967611336
0.988866396761134
0.83248987854251
0.593117408906883
0.28997975708502
0.439271255060729
0.911437246963563
0.723178137651822
0.923076923076923
0.970141700404858
0.136133603238866
0.714068825910931
0.630566801619433
0.741396761133603
0.909919028340081
0.782388663967611
0.946356275303644
0.720141700404858
0.952935222672065
0.772267206477733
0.981781376518219
0.992914979757085
1.00759109311741
0.982793522267207
0.975708502024291
0.94078947368421
1.00151821862348
0.769230769230769
0.992914979757085
0.979251012145749
0.862348178137652
0.651315789473684
0.196356275303644
0.969635627530364
0.97419028340081
0.980769230769231
0.951417004048583
0.737348178137652
0.591093117408907
0.34665991902834
0.1417004048583
0.36336032388664
0.783906882591093
0.128542510121457
0.45495951417004
1.02682186234818
0.46912955465587
0.541497975708502
0.927125506072874
0.239372469635628
0.984311740890688
0.996457489878543
0.949898785425101
1.03087044534413
0.131072874493927
0.883603238866397
0.952429149797571
0.860323886639676
0.112348178137652
0.892206477732793
0.515182186234818
0.93421052631579
0.585526315789474
0.92914979757085
0.986336032388664
0.923076923076923
0.997975708502024
0.981781376518219
0.637651821862348
0.148785425101215
0.881072874493927
0.974696356275304
0.7332995951417
0.975708502024291
1.03643724696356
0.698886639676113
0.139676113360324
0.958502024291498
1.01315789473684
0.757085020242915
0.715080971659919
0.126012145748988
0.848178137651822
1.01973684210526
1.00354251012146
0.96912955465587
1.01113360323887
0.533906882591093
0.581983805668016
0.945344129554656
0.98836032388664
0.970647773279352
0.642712550607287
0.979757085020243
0.983805668016194
0.933704453441296
0.184210526315789
0.768218623481781
0.890688259109312
1
0.168016194331984
0.96912955465587
0.189271255060729
0.944838056680162
0.815283400809717
0.964068825910931
0.949392712550607
0.864878542510121
0.946356275303644
0.874493927125506
0.992914979757085
0.678643724696356
0.917004048582996
1.02378542510121
0.940283400809717
0.57995951417004
0.962550607287449
0.985323886639676
0.962044534412955
0.339068825910931
0.956477732793522
0.732793522267207
0.586538461538462
1.01720647773279
0.999493927125506
0.242914979757085
0.880566801619433
0.158400809716599
0.850708502024291
0.964574898785425
0.191295546558704
0.942813765182186
0.546558704453441
0.112854251012146
0.975202429149798
0.93168016194332
0.947874493927126
0.976720647773279
0.898785425101215
0.345647773279352
0.936740890688259
0.931174089068826
0.942813765182186
0.183198380566802
0.230769230769231
0.636133603238866
0.967611336032389
0.91497975708502
0.133097165991903
0.456983805668016
1.00151821862348
0.985323886639676
0.767712550607287
0.181174089068826
0.986842105263158
0.904858299595142
0.990890688259109
0.994433198380567
0.950910931174089
0.821862348178138
0.942307692307692
1.00050607287449
1.01518218623482
0.946356275303644
0.327429149797571
0.299595141700405
0.728744939271255
1.00303643724696
0.83248987854251
0.503542510121457
0.317307692307692
0.945344129554656
0.625
0.960526315789474
0.592105263157895
1.00101214574899
0.933704453441296
0.845647773279352
1.00202429149798
0.977732793522267
0.745445344129555
0.962550607287449
0.415485829959514
0.9832995951417
1.00151821862348
1.00404858299595
0.932186234817814
0.984311740890688
0.92914979757085
0.990890688259109
0.951417004048583
0.936740890688259
0.998987854251012
1.01821862348178
0.620951417004049
0.975202429149798
1.00961538461538
0.957995951417004
1.01163967611336
0.907894736842105
0.891194331983806
0.873481781376518
0.305668016194332
0.270242914979757
0.827935222672065
0.984311740890688
1.03137651821862
0.991396761133603
0.162955465587045
0.988866396761134
1.05414979757085
0.926619433198381
0.418522267206478
1.04352226720648
0.83502024291498
0.942307692307692
0.410425101214575
0.931174089068826
0.952935222672065
0.199898785425101
0.984817813765182
1.01518218623482
0.908400809716599
0.669534412955466
0.980769230769231
0.473178137651822
0.890182186234818
0.100202429149798
0.147773279352227
0.130566801619433
0.940283400809717
0.130566801619433
0.976720647773279
0.409412955465587
0.998987854251012
0.0915991902834008
0.945344129554656
1.0080971659919
0.909412955465587
1.00354251012146
0.948380566801619
0.860323886639676
0.94078947368421
0.221153846153846
0.78997975708502
0.342105263157895
0.649797570850202
0.95495951417004
0.988866396761134
0.959514170040486
0.111336032388664
0.943825910931174
1.02327935222672
0.647773279352227
0.967105263157895
0.197368421052632
0.968623481781376
0.482287449392713
0.378542510121458
0.954453441295547
0.905364372469636
0.30921052631579
0.794534412955466
0.94078947368421
0.926619433198381
0.968117408906883
1.00556680161943
0.987348178137652
1.01467611336032
0.980769230769231
0.967105263157895
0.986842105263158
0.92914979757085
0.991396761133603
0.92004048582996
0.11336032388664
0.201923076923077
0.958502024291498
0.934716599190283
0.718623481781376
0.775303643724696
0.342611336032389
0.864372469635628
0.926619433198381
0.925101214574899
0.986336032388664
1.00506072874494
0.567307692307692
0.994433198380567
0.294028340080972
0.949392712550607
0.419028340080972
0.919534412955466
0.98836032388664
0.517206477732793
0.989372469635628
0.895242914979757
0.200404858299595
0.959008097165992
0.998987854251012
0.189271255060729
0.941801619433198
0.169028340080972
0.211538461538462
0.955971659919028
0.963056680161943
0.751518218623482
0.701923076923077
0.883097165991903
0.548076923076923
0.996963562753036
1.02935222672065
0.935222672064777
0.712550607287449
0.819838056680162
1.01821862348178
0.857287449392713
0.165991902834008
0.998481781376518
0.977732793522267
0.828441295546559
0.922570850202429
0.528846153846154
1.01265182186235
0.281376518218623
0.338562753036437
0.974696356275304
0.26163967611336
0.98582995951417
0.948380566801619
0.29251012145749
0.970647773279352
0.851720647773279
0.841093117408907
0.90587044534413
0.777834008097166
0.924595141700405
0.993421052631579
0.966093117408907
0.922570850202429
0.902327935222672
0.982287449392713
0.246963562753036
0.131072874493927
0.687753036437247
0.999493927125506
1.01265182186235
0.598178137651822
0.558198380566802
0.147773279352227
1
0.908400809716599
0.108805668016194
0.852226720647773
0.986336032388664
0.96912955465587
1.00607287449393
1.01771255060729
1.05921052631579
0.963562753036437
1.00708502024291
0.426113360323887
0.995951417004049
0.428137651821862
0.70495951417004
0.0991902834008097
0.986336032388664
0.959514170040486
1.0247975708502
1.00759109311741
0.958502024291498
0.967105263157895
0.958502024291498
0.987854251012146
0.95495951417004
1.00506072874494
0.293522267206478
1.01012145748988
0.977226720647773
0.246963562753036
0.878036437246964
0.712044534412955
0.849696356275304
0.939271255060729
0.148785425101215
0.84412955465587
0.936234817813765
0.155364372469636
0.917004048582996
0.135627530364372
0.892206477732793
0.994939271255061
0.104251012145749
0.392206477732794
0.984311740890688
1.01923076923077
0.775303643724696
0.990890688259109
1.0167004048583
0.144736842105263
0.966599190283401
0.17914979757085
0.851720647773279
0.217105263157895
0.526821862348178
0.253542510121458
0.97419028340081
0.972165991902834
0.97419028340081
0.902327935222672
0.96912955465587
0.998987854251012
0.973684210526316
1.02024291497976
0.99746963562753
0.982793522267207
0.130566801619433
0.292004048582996
1
0.226214574898785
0.923582995951417
0.509615384615385
0.969635627530364
1.0247975708502
0.898279352226721
0.875506072874494
0.986336032388664
0.976214574898785
0.0819838056680162
0.960526315789474
0.940283400809717
0.996457489878543
1.01973684210526
0.32995951417004
1.0253036437247
0.176113360323887
1.01163967611336
0.950910931174089
1.00354251012146
0.976720647773279
0.875
0.961032388663968
0.915485829959514
0.968623481781376
0.387651821862348
0.119939271255061
1.03643724696356
0.977226720647773
0.959514170040486
1.01568825910931
0.866396761133603
0.947874493927126
0.178643724696356
0.972672064777328
0.30668016194332
0.867914979757085
1.00607287449393
0.696356275303644
0.762651821862348
0.773279352226721
0.963056680161943
0.114372469635628
0.0946356275303644
0.880566801619433
0.198380566801619
1.01417004048583
0.930668016194332
0.868421052631579
0.83502024291498
0.834514170040486
0.967105263157895
0.381072874493927
0.644736842105263
0.927631578947368
0.942813765182186
1.00151821862348
0.118927125506073
0.92914979757085
0.984817813765182
0.241396761133603
0.780364372469636
0.288967611336032
0.909919028340081
0.598684210526316
0.956983805668016
0.464574898785425
0.8582995951417
0.182186234817814
0.209008097165992
0.916497975708502
0.452935222672065
0.116902834008097
0.184716599190283
0.830971659919028
0.349696356275304
0.129554655870445
0.179655870445344
0.358805668016194
0.0865384615384615
0.763663967611336
0.315283400809717
0.889676113360324
0.54504048582996
0.30668016194332
0.173582995951417
0.505566801619433
0.380566801619433
0.203441295546559
0.591599190283401
0.117408906882591
0.546052631578947
0.133603238866397
0.116902834008097
0.108805668016194
0.961032388663968
0.175607287449393
0.859817813765182
0.829453441295547
0.926619433198381
0.251012145748988
0.770748987854251
0.914473684210526
0.993927125506073
0.159412955465587
0.202935222672065
0.154352226720648
0.293016194331984
0.264676113360324
0.697368421052632
0.780364372469636
0.42914979757085
0.364372469635628
0.664473684210526
0.234311740890688
0.118927125506073
0.423582995951417
0.197368421052632
0.990890688259109
0.910931174089069
0.11082995951417
0.836538461538462
0.997975708502024
0.921052631578947
0.97165991902834
0.0976720647773279
0.848684210526316
0.192307692307692
0.555668016194332
0.117408906882591
0.293016194331984
0.398279352226721
0.183198380566802
0.356781376518219
0.152834008097166
0.16497975708502
0.992914979757085
0.368421052631579
0.452429149797571
0.6082995951417
0.936740890688259
0.53997975708502
0.255566801619433
0.995445344129555
0.880566801619433
0.422570850202429
0.562246963562753
0.323380566801619
0.856275303643725
0.297064777327935
0.760627530364372
0.175101214574899
0.195344129554656
0.254048582995951
0.755566801619433
0.15334008097166
0.446356275303644
0.186234817813765
0.355769230769231
0.101214574898785
0.841093117408907
0.422570850202429
0.269736842105263
0.41497975708502
0.232793522267206
0.837044534412955
0.215080971659919
0.125
0.697874493927126
0.284919028340081
0.73836032388664
0.929655870445344
0.184210526315789
0.576923076923077
0.944331983805668
0.95748987854251
0.388663967611336
0.15080971659919
0.262651821862348
0.667004048582996
0.406376518218623
0.365384615384615
0.328441295546559
0.322874493927126
0.149291497975709
0.887651821862348
0.298582995951417
0.705971659919028
0.300101214574899
0.93168016194332
0.918016194331984
0.87246963562753
0.532894736842105
0.169028340080972
0.290485829959514
0.218117408906883
0.159412955465587
0.316295546558704
0.587550607287449
0.138157894736842
0.106275303643725
0.807186234817814
0.974696356275304
0.564271255060729
0.112854251012146
0.197874493927125
0.90080971659919
0.472672064777328
0.31831983805668
0.544028340080972
0.253036437246964
0.153846153846154
0.161943319838057
0.50253036437247
0.94585020242915
0.138663967611336
0.974696356275304
0.221153846153846
0.101720647773279
0.103744939271255
0.170546558704453
0.100202429149798
0.156882591093117
0.105769230769231
0.235323886639676
0.142712550607287
0.866396761133603
0.267206477732794
0.947874493927126
0.090587044534413
0.140182186234818
0.422570850202429
0.447368421052632
0.935222672064777
0.764676113360324
0.12753036437247
0.29251012145749
0.119433198380567
0.1082995951417
0.287449392712551
0.283906882591093
0.714574898785425
0.416497975708502
0.963562753036437
0.300607287449393
0.108805668016194
0.899291497975709
0.143218623481781
0.124493927125506
0.981275303643725
0.176113360323887
0.0996963562753036
0.131072874493927
0.830465587044534
0.112854251012146
0.0951417004048583
0.137145748987854
0.674089068825911
0.382591093117409
0.144736842105263
0.107793522267206
0.406882591093117
0.256578947368421
0.925607287449393
0.269736842105263
0.380566801619433
0.156376518218623
0.411437246963563
0.920546558704453
0.515182186234818
0.42914979757085
0.692813765182186
0.317307692307692
0.944838056680162
0.142712550607287
0.388157894736842
0.735323886639676
0.90587044534413
0.128542510121457
0.995445344129555
0.208502024291498
0.421558704453441
0.518724696356275
0.854251012145749
0.569838056680162
0.821862348178138
0.229757085020243
1.02985829959514
0.19585020242915
0.106275303643725
0.251012145748988
0.599696356275304
0.114878542510121
0.0910931174089069
0.75
0.216599190283401
0.144230769230769
1.00607287449393
0.183198380566802
0.209514170040486
0.518218623481781
0.924595141700405
0.36336032388664
0.190789473684211
0.0895748987854251
0.290485829959514
0.245951417004049
0.137145748987854
0.190789473684211
0.596153846153846
0.140688259109312
0.492914979757085
0.227226720647773
0.846153846153846
0.11336032388664
0.184210526315789
0.718623481781376
0.273279352226721
0.119433198380567
0.122975708502024
0.0976720647773279
0.941801619433198
0.925101214574899
0.305668016194332
0.88663967611336
0.985323886639676
0.210526315789474
0.980263157894737
0.219635627530364
0.148279352226721
0.149797570850202
0.135627530364372
0.308704453441296
0.25
0.490384615384615
0.218117408906883
0.779858299595142
0.180668016194332
0.102226720647773
0.166497975708502
0.0895748987854251
0.899291497975709
0.139676113360324
0.112348178137652
0.380566801619433
0.146761133603239
0.461538461538462
0.260627530364372
0.521255060728745
0.55921052631579
0.41497975708502
0.998481781376518
0.555161943319838
0.684716599190283
1.00404858299595
0.443825910931174
0.114372469635628
0.114372469635628
0.146761133603239
0.107793522267206
0.424089068825911
0.295546558704453
1.0080971659919
0.793522267206478
0.213056680161943
0.184716599190283
0.853744939271255
0.147267206477733
0.123481781376518
0.987348178137652
0.76417004048583
0.108805668016194
0.789473684210526
0.287449392712551
0.399291497975709
0.176113360323887
0.489372469635628
0.230263157894737
0.30921052631579
0.965587044534413
0.97165991902834
0.407388663967611
0.230263157894737
0.138663967611336
0.307692307692308
0.67914979757085
0.664473684210526
0.213562753036437
0.3917004048583
0.217105263157895
0.159412955465587
0.753542510121457
0.109817813765182
0.136133603238866
0.11082995951417
0.229757085020243
0.914473684210526
0.17914979757085
0.299595141700405
0.270748987854251
0.9832995951417
0.316295546558704
0.148785425101215
0.139676113360324
0.147267206477733
0.417004048582996
0.953947368421053
0.146761133603239
0.604251012145749
0.246963562753036
0.82995951417004
0.541497975708502
0.626012145748988
0.919534412955466
0.796052631578947
0.340587044534413
0.151315789473684
0.247975708502024
0.178137651821862
0.989878542510121
0.183704453441296
0.438765182186235
0.125
0.192307692307692
0.506072874493927
0.399797570850202
0.198380566801619
0.661437246963563
0.590080971659919
1.02631578947368
0.209008097165992
0.487348178137652
0.823886639676113
0.977732793522267
0.123987854251012
0.180668016194332
0.176619433198381
0.135627530364372
0.128542510121457
0.700404858299595
0.253036437246964
0.320344129554656
0.444838056680162
0.362348178137652
0.114878542510121
0.898279352226721
0.25253036437247
0.265182186234818
0.843117408906883
1.03896761133603
0.955971659919028
0.48836032388664
0.140182186234818
0.287955465587045
0.48582995951417
0.274291497975709
0.605263157894737
0.156376518218623
0.594635627530364
0.844635627530364
0.723178137651822
0.993421052631579
0.354757085020243
0.366902834008097
0.202935222672065
0.69331983805668
0.506072874493927
0.183704453441296
0.768218623481781
0.508603238866397
0.426619433198381
0.90587044534413
0.202935222672065
0.199898785425101
0.236842105263158
0.580971659919028
0.202429149797571
0.603744939271255
0.433704453441296
0.73836032388664
0.213562753036437
0.884109311740891
0.797570850202429
0.911943319838057
0.926619433198381
0.330465587044534
0.523279352226721
0.973684210526316
0.112348178137652
0.56831983805668
0.552125506072874
0.878542510121457
0.253036437246964
0.633603238866397
0.869939271255061
1.02074898785425
0.907894736842105
0.877024291497976
0.619433198380567
0.144230769230769
0.164473684210526
0.174595141700405
0.161943319838057
0.101214574898785
0.23836032388664
0.959514170040486
0.156882591093117
0.448886639676113
0.255060728744939
0.718117408906883
0.189777327935223
0.383603238866397
0.783906882591093
0.170546558704453
0.180161943319838
0.422064777327935
0.692813765182186
0.142712550607287
0.246963562753036
0.871457489878543
0.240384615384615
0.522267206477733
0.168016194331984
0.18168016194332
0.417004048582996
0.822874493927126
0.253542510121458
0.881072874493927
0.152834008097166
0.392206477732794
0.31831983805668
0.618927125506073
1.02378542510121
0.115384615384615
0.319331983805668
0.109817813765182
0.703947368421053
0.353744939271255
0.1417004048583
0.811740890688259
0.282388663967611
0.857793522267207
0.925607287449393
0.161437246963563
0.137145748987854
0.388663967611336
0.574898785425101
0.332995951417004
0.927125506072874
0.196862348178138
0.398279352226721
0.52834008097166
0.286437246963563
0.254554655870445
0.618421052631579
0.527327935222672
0.907894736842105
0.986842105263158
0.0910931174089069
0.115890688259109
0.197368421052632
0.54504048582996
0.292004048582996
0.154858299595142
0.831477732793522
0.273279352226721
0.897267206477733
0.79251012145749
1.01012145748988
0.141194331983806
0.233805668016194
1.00303643724696
0.243421052631579
0.471153846153846
0.683704453441296
0.102732793522267
0.162449392712551
0.23836032388664
0.446862348178138
1.03846153846154
0.310728744939271
0.264676113360324
0.211538461538462
0.105263157894737
0.19585020242915
0.848684210526316
0.157894736842105
0.265688259109312
0.189271255060729
0.120445344129555
0.3917004048583
0.140182186234818
0.251012145748988
0.263663967611336
0.0986842105263158
0.958502024291498
0.116396761133603
0.269736842105263
0.650303643724696
0.191295546558704
0.973684210526316
0.882591093117409
0.964574898785425
0.489372469635628
0.446862348178138
0.369939271255061
0.454453441295547
1.01062753036437
0.279858299595142
0.117408906882591
0.216093117408907
0.600708502024291
0.165991902834008
0.967105263157895
1.01568825910931
0.430161943319838
0.609311740890688
0.787955465587045
0.23582995951417
0.165485829959514
0.169534412955466
0.216599190283401
0.919534412955466
0.37246963562753
0.562246963562753
0.827429149797571
0.390688259109312
0.417004048582996
0.479251012145749
0.129048582995951
0.189271255060729
0.2332995951417
0.272267206477733
0.237854251012146
1.01214574898785
0.101214574898785
0.830971659919028
0.953947368421053
0.161437246963563
0.159919028340081
0.391194331983806
0.260627530364372
0.25
0.320344129554656
0.172570850202429
0.116902834008097
0.25
0.336538461538462
0.657388663967611
0.745951417004049
0.20495951417004
0.935728744939271
0.16497975708502
0.623481781376518
0.294534412955466
0.146255060728745
0.150303643724696
0.817307692307692
0.994433198380567
0.135121457489879
0.526821862348178
0.143218623481781
0.657388663967611
0.297570850202429
0.140688259109312
0.449898785425101
0.211032388663968
0.279858299595142
0.908400809716599
0.178643724696356
0.146255060728745
0.279858299595142
0.319838056680162
0.394230769230769
0.257085020242915
0.890688259109312
0.880566801619433
0.244939271255061
0.558704453441296
0.91497975708502
0.411437246963563
0.358805668016194
0.623481781376518
0.830465587044534
0.970647773279352
0.1417004048583
0.964068825910931
0.101214574898785
0.378542510121458
0.156882591093117
0.885121457489879
0.695344129554656
1.03188259109312
0.88917004048583
0.566295546558704
0.981275303643725
0.960526315789474
0.2332995951417
0.162449392712551
0.969635627530364
0.279352226720648
0.180161943319838
0.124493927125506
0.947368421052632
0.44331983805668
0.122975708502024
0.113866396761134
0.114372469635628
0.316295546558704
0.107793522267206
0.166497975708502
0.283906882591093
0.195344129554656
0.243421052631579
0.126012145748988
0.921558704453441
0.145242914979757
0.303643724696356
0.923076923076923
0.126518218623482
0.506578947368421
0.161437246963563
0.645242914979757
0.17004048582996
0.340080971659919
0.160931174089069
0.961032388663968
0.149797570850202
0.100202429149798
0.231781376518219
0.192813765182186
0.235323886639676
0.917004048582996
0.376012145748988
0.382085020242915
0.192307692307692
0.243421052631579
0.340080971659919
0.196862348178138
0.875506072874494
0.127024291497976
0.323380566801619
0.825910931174089
0.103744939271255
0.353238866396761
0.230263157894737
0.535425101214575
0.346153846153846
0.143724696356275
0.130060728744939
0.399291497975709
0.292004048582996
0.673582995951417
0.323886639676113
0.591093117408907
0.732793522267207
0.194838056680162
0.685728744939271
0.910425101214575
0.168522267206478
0.295546558704453
0.700910931174089
0.128542510121457
0.493421052631579
1.01417004048583
0.932692307692308
0.948380566801619
0.432692307692308
0.192307692307692
0.15080971659919
0.964574898785425
1.02327935222672
0.703441295546559
0.22165991902834
0.191295546558704
0.34665991902834
0.277834008097166
0.256072874493927
0.105769230769231
0.116396761133603
0.23582995951417
0.104757085020243
0.573380566801619
0.30414979757085
0.221153846153846
0.909919028340081
0.198380566801619
0.361842105263158
0.163967611336032
0.15334008097166
0.230769230769231
0.224696356275304
0.945344129554656
0.920546558704453
0.790991902834008
0.140182186234818
0.123481781376518
0.425101214574899
0.105769230769231
0.107287449392713
0.980263157894737
0.30414979757085
0.913461538461538
0.232287449392713
0.334514170040486
0.932692307692308
0.321356275303644
0.397773279352227
0.148785425101215
0.104757085020243
0.103744939271255
0.273279352226721
0.380060728744939
0.739878542510121
0.809716599190283
0.264676113360324
0.203441295546559
0.853238866396761
0.853238866396761
0.226214574898785
0.114372469635628
0.227226720647773
0.431174089068826
0.317307692307692
0.821356275303644
0.921052631578947
0.645242914979757
0.853238866396761
0.220647773279352
0.0885627530364373
0.213562753036437
0.317307692307692
0.222672064777328
0.258097165991903
0.700404858299595
0.143724696356275
0.274797570850202
0.254048582995951
0.38917004048583
0.132591093117409
0.865384615384615
0.169534412955466
0.416497975708502
0.28087044534413
0.546558704453441
0.943825910931174
0.123481781376518
0.523785425101215
0.180668016194332
0.130060728744939
0.134109311740891
0.748987854251012
0.438765182186235
0.111842105263158
0.419028340080972
0.161437246963563
0.269230769230769
0.818825910931174
0.653846153846154
0.142712550607287
0.20748987854251
1.00708502024291
0.172064777327935
0.126012145748988
0.101214574898785
1.01163967611336
0.255566801619433
0.268218623481781
0.330465587044534
0.242914979757085
0.378036437246964
0.115890688259109
0.286437246963563
0.203441295546559
0.163967611336032
0.453947368421053
0.925101214574899
0.115890688259109
0.605769230769231
0.213056680161943
0.810728744939271
0.0956477732793522
0.336032388663968
0.626012145748988
0.620951417004049
0.411943319838057
0.224696356275304
0.388157894736842
0.148279352226721
0.995445344129555
0.407894736842105
0.126012145748988
0.674089068825911
0.455971659919028
0.38917004048583
0.15080971659919
0.55414979757085
0.131578947368421
0.147773279352227
0.296052631578947
0.290485829959514
0.912955465587045
0.515688259109312
0.135121457489879
0.119939271255061
0.127024291497976
0.177125506072875
0.154858299595142
0.307186234817814
0.348178137651822
0.411943319838057
0.5167004048583
0.929655870445344
0.100202429149798
0.137651821862348
0.995445344129555
0.215080971659919
0.731781376518219
0.232287449392713
0.362348178137652
0.905364372469636
0.726720647773279
0.100202429149798
0.185728744939271
0.352732793522267
0.118927125506073
0.328947368421053
0.116396761133603
0.123481781376518
0.927631578947368
0.588056680161943
0.794534412955466
0.146255060728745
0.478238866396761
0.153846153846154
0.505060728744939
0.8917004048583
0.104757085020243
0.621457489878543
0.156882591093117
0.307692307692308
0.470141700404858
0.154352226720648
0.655364372469636
0.766194331983806
0.990890688259109
0.816295546558704
0.989878542510121
0.12246963562753
0.836538461538462
0.340587044534413
0.116396761133603
0.340587044534413
0.726214574898785
0.53087044534413
0.680668016194332
0.191295546558704
0.303137651821862
0.759109311740891
0.194331983805668
0.220141700404858
0.183198380566802
0.951923076923077
0.265182186234818
0.818825910931174
0.357287449392713
0.114372469635628
0.125506072874494
0.432186234817814
0.660425101214575
0.135627530364372
0.103238866396761
0.217105263157895
0.518724696356275
0.184210526315789
0.109817813765182
0.366902834008097
0.168522267206478
0.142712550607287
1.00202429149798
0.0915991902834008
0.241396761133603
0.643218623481781
0.0986842105263158
0.132591093117409
0.279352226720648
0.591599190283401
0.200404858299595
0.229757085020243
0.966093117408907
0.524797570850202
0.94078947368421
0.550607287449393
0.115384615384615
0.240384615384615
0.739878542510121
0.103744939271255
0.209008097165992
0.271255060728745
0.17004048582996
0.401821862348178
0.206477732793522
0.115890688259109
0.117408906882591
0.170546558704453
0.580971659919028
0.124493927125506
0.456477732793522
0.634109311740891
0.134615384615385
0.0885627530364373
0.131072874493927
0.748987854251012
0.632085020242915
0.573886639676113
0.291497975708502
0.455971659919028
0.287449392712551
0.964068825910931
0.209008097165992
0.171558704453441
0.117408906882591
0.153846153846154
0.555668016194332
1.01113360323887
0.272267206477733
0.182186234817814
0.977226720647773
0.602226720647773
0.955971659919028
0.600708502024291
0.191801619433198
0.828947368421053
0.972165991902834
0.294028340080972
0.365384615384615
0.84412955465587
0.928643724696356
0.146255060728745
0.701417004048583
0.414473684210526
0.19331983805668
0.534412955465587
0.743421052631579
0.363866396761134
0.510627530364372
0.133097165991903
0.793016194331984
0.408906882591093
0.244433198380567
0.353238866396761
0.16751012145749
0.391194331983806
0.779352226720648
0.603238866396761
0.973178137651822
0.796558704453441
0.192307692307692
0.519230769230769
0.239878542510121
0.826923076923077
0.924595141700405
0.296558704453441
0.15080971659919
0.151315789473684
0.161943319838057
0.163967611336032
0.961538461538462
0.49746963562753
0.981781376518219
0.11082995951417
0.479251012145749
0.633097165991903
0.356781376518219
0.779858299595142
0.813259109311741
0.348178137651822
0.148785425101215
0.412955465587045
0.222672064777328
0.357287449392713
0.965587044534413
0.169534412955466
0.841093117408907
0.109817813765182
0.279352226720648
0.709008097165992
0.649797570850202
0.109311740890688
0.21912955465587
0.297570850202429
0.259615384615385
0.136133603238866
0.134615384615385
0.83502024291498
0.19331983805668
0.213056680161943
0.483805668016194
0.74746963562753
0.116396761133603
0.475708502024291
0.885121457489879
0.630060728744939
0.151315789473684
0.0981781376518219
0.980263157894737
0.415485829959514
0.451417004048583
0.965080971659919
0.772267206477733
0.785425101214575
0.343623481781377
0.422570850202429
0.697368421052632
0.341599190283401
0.123481781376518
0.152834008097166
0.102226720647773
0.412449392712551
0.933704453441296
0.105263157894737
0.361842105263158
0.185728744939271
0.223178137651822
0.40080971659919
0.239878542510121
0.401821862348178
0.216599190283401
0.12753036437247
0.243927125506073
0.0956477732793522
0.202429149797571
0.882591093117409
0.265688259109312
0.329453441295547
0.468117408906883
0.137145748987854
0.219635627530364
0.171052631578947
0.491902834008097
0.332995951417004
0.158906882591093
0.763157894736842
0.544028340080972
0.115890688259109
0.100708502024292
0.125
0.114878542510121
0.26417004048583
0.147773279352227
0.564777327935223
0.952935222672065
0.331983805668016
0.216093117408907
0.410931174089069
0.186740890688259
0.661943319838057
0.317813765182186
0.95748987854251
0.977732793522267
0.197874493927125
0.79251012145749
0.13663967611336
0.503542510121457
0.153846153846154
0.507591093117409
0.123481781376518
0.868421052631579
0.951417004048583
0.923076923076923
0.600202429149798
0.992408906882591
0.3582995951417
0.226214574898785
0.796052631578947
0.256072874493927
0.203441295546559
0.547064777327935
0.80668016194332
0.168522267206478
0.925607287449393
0.573380566801619
0.343623481781377
0.977226720647773
0.234311740890688
0.713056680161943
0.978744939271255
0.773279352226721
0.176619433198381
0.126518218623482
0.663461538461538
0.390688259109312
0.107287449392713
0.368927125506073
0.837044534412955
0.92914979757085
0.970141700404858
0.276821862348178
0.266194331983806
0.220141700404858
0.789473684210526
0.51163967611336
0.990384615384615
0.167004048582996
0.668016194331984
0.245445344129555
0.128036437246964
0.449392712550607
0.358805668016194
0.283906882591093
0.858805668016194
0.127024291497976
0.11082995951417
0.285425101214575
0.107287449392713
0.138663967611336
0.885121457489879
0.16751012145749
0.169028340080972
0.111842105263158
0.341093117408907
0.329453441295547
1.00202429149798
0.550607287449393
0.103238866396761
0.364372469635628
0.823380566801619
0.907388663967611
0.436740890688259
0.600708502024291
0.117408906882591
0.0961538461538462
0.598178137651822
0.284919028340081
0.939271255060729
0.121457489878543
0.398785425101215
0.243927125506073
0.196862348178138
0.349696356275304
0.262651821862348
0.384615384615385
0.0870445344129555
0.688765182186235
0.15334008097166
0.174089068825911
0.446862348178138
0.215080971659919
0.947368421052632
0.994433198380567
0.144230769230769
0.215587044534413
0.660931174089069
0.56831983805668
0.147773279352227
0.902834008097166
0.922064777327935
0.531882591093117
0.380060728744939
0.16497975708502
0.981275303643725
0.3917004048583
0.132591093117409
0.182692307692308
0.195344129554656
0.27580971659919
0.661943319838057
0.998481781376518
0.118927125506073
0.144230769230769
0.97419028340081
0.973684210526316
0.925101214574899
0.125
0.643218623481781
0.304655870445344
0.37753036437247
0.447874493927126
0.274797570850202
0.702429149797571
0.198380566801619
0.189271255060729
0.353744939271255
0.586538461538462
0.808198380566802
0.623987854251012
0.883603238866397
0.114372469635628
0.947874493927126
0.239372469635628
0.135627530364372
0.559716599190283
0.342611336032389
0.548076923076923
0.370445344129555
0.140182186234818
0.951923076923077
0.330465587044534
0.344635627530364
0.979251012145749
0.168522267206478
0.122975708502024
0.297064777327935
0.572368421052632
0.521761133603239
1.00759109311741
0.684716599190283
0.186234817813765
0.450404858299595
0.198886639676113
0.407388663967611
0.276821862348178
0.356781376518219
0.133603238866397
0.174089068825911
0.541497975708502
0.306174089068826
0.144230769230769
0.313259109311741
0.238866396761134
0.174595141700405
0.160425101214575
0.709008097165992
0.338056680161943
0.782388663967611
0.830971659919028
0.522773279352227
0.342611336032389
0.11082995951417
0.24746963562753
0.547064777327935
0.177631578947368
0.211032388663968
0.213056680161943
0.895242914979757
0.408906882591093
0.250506072874494
0.263663967611336
0.126012145748988
0.540485829959514
0.118927125506073
0.0890688259109312
0.45748987854251
0.477732793522267
0.466599190283401
0.48582995951417
0.474696356275304
0.474696356275304
0.137651821862348
0.804655870445344
0.469635627530364
0.884615384615385
0.183704453441296
0.585526315789474
0.257591093117409
0.391194331983806
0.201417004048583
0.123987854251012
0.150303643724696
0.301619433198381
0.311234817813765
0.654352226720648
0.190283400809717
0.731275303643725
0.534412955465587
0.147773279352227
0.20495951417004
0.894230769230769
1.03643724696356
0.894736842105263
0.807692307692308
0.408400809716599
0.904858299595142
0.838056680161943
0.751012145748988
0.439271255060729
0.103744939271255
0.241396761133603
0.357287449392713
0.962044534412955
0.111842105263158
0.706477732793522
0.129554655870445
0.580465587044534
0.179655870445344
0.366902834008097
0.80921052631579
0.980769230769231
1.00101214574899
0.937246963562753
0.991902834008097
0.20748987854251
0.994939271255061
0.98836032388664
0.763157894736842
0.0946356275303644
0.973178137651822
0.667004048582996
1.00910931174089
0.313259109311741
0.998481781376518
1.01923076923077
0.933198380566802
0.169534412955466
0.570344129554656
0.901821862348178
0.138663967611336
0.978744939271255
0.9832995951417
0.937246963562753
0.658906882591093
0.987348178137652
1.03542510121457
0.959514170040486
0.978744939271255
0.927631578947368
0.721153846153846
0.991396761133603
1.02783400809717
1.00759109311741
0.95495951417004
0.876518218623482
0.325404858299595
0.976720647773279
0.992408906882591
0.871457489878543
0.161437246963563
0.979757085020243
0.705465587044534
0.187246963562753
0.177631578947368
0.93421052631579
0.585526315789474
1.00151821862348
0.911943319838057
0.94331983805668
0.52580971659919
0.93421052631579
0.97165991902834
0.591599190283401
0.685222672064777
0.695344129554656
0.778846153846154
0.851214574898785
0.955971659919028
1.00455465587045
1.0334008097166
0.975708502024291
1.01315789473684
1.01315789473684
0.976720647773279
0.216599190283401
0.91751012145749
0.941801619433198
0.976214574898785
0.611842105263158
1.01720647773279
0.642206477732793
0.598178137651822
0.834008097165992
1.01315789473684
0.136133603238866
0.926113360323887
1.02024291497976
0.627024291497976
0.194838056680162
0.713056680161943
0.666497975708502
0.951923076923077
0.946356275303644
0.477226720647773
0.961032388663968
0.936234817813765
0.708502024291498
0.552125506072874
0.921558704453441
0.986842105263158
0.9832995951417
0.86082995951417
0.994939271255061
0.897267206477733
0.524291497975709
0.461032388663968
0.985323886639676
0.839068825910931
0.900303643724696
1.01012145748988
0.21002024291498
1.00455465587045
0.923582995951417
1.0086032388664
0.952429149797571
0.638157894736842
0.633097165991903
0.209008097165992
0.151821862348178
0.194331983805668
0.759109311740891
0.100708502024292
0.930668016194332
1.02226720647773
0.506578947368421
0.327429149797571
1.00708502024291
0.968623481781376
0.232793522267206
0.972165991902834
0.101214574898785
0.472165991902834
0.952935222672065
0.784412955465587
0.812753036437247
0.986336032388664
0.337550607287449
0.970141700404858
0.98836032388664
0.353744939271255
0.965080971659919
0.975708502024291
0.692307692307692
0.157388663967611
0.749493927125506
1.0080971659919
0.636133603238866
0.65587044534413
0.522267206477733
1.00455465587045
0.686234817813765
0.906882591093117
0.722165991902834
0.88663967611336
0.341093117408907
0.331983805668016
0.990890688259109
0.129048582995951
0.167004048582996
0.101214574898785
0.378036437246964
0.987348178137652
0.997975708502024
0.986336032388664
0.999493927125506
0.169534412955466
0.957995951417004
0.934716599190283
0.965080971659919
0.845647773279352
0.745445344129555
0.217105263157895
0.522267206477733
0.974696356275304
1.00759109311741
0.253542510121458
0.904858299595142
0.202429149797571
0.146255060728745
0.995951417004049
0.978238866396761
0.748987854251012
1.00961538461538
0.944838056680162
0.0981781376518219
1.00455465587045
0.898279352226721
0.167004048582996
1.02074898785425
0.861842105263158
0.104251012145749
0.121963562753036
0.894736842105263
0.109817813765182
0.953441295546559
0.983805668016194
1.01265182186235
0.979251012145749
0.956477732793522
0.988866396761134
0.399797570850202
0.397773279352227
0.93168016194332
0.337550607287449
0.753542510121457
0.283906882591093
0.98582995951417
0.979251012145749
1.01315789473684
0.936234817813765
0.390688259109312
0.879554655870445
0.174595141700405
0.924595141700405
0.731781376518219
0.875
0.939271255060729
0.548582995951417
0.106275303643725
0.927631578947368
0.895242914979757
1.00759109311741
0.148785425101215
0.467105263157895
0.125
0.572368421052632
0.1082995951417
0.892206477732793
1.00253036437247
1.00910931174089
0.808198380566802
0.86336032388664
0.975708502024291
0.988866396761134
1.00202429149798
0.894736842105263
0.952429149797571
0.962044534412955
0.166497975708502
0.178137651821862
0.981781376518219
0.991396761133603
0.854251012145749
1.01062753036437
0.567307692307692
0.18168016194332
0.960526315789474
0.578441295546559
0.337550607287449
0.975708502024291
0.952429149797571
0.242408906882591
0.933704453441296
1.00961538461538
0.466599190283401
1.00253036437247
0.955971659919028
0.676113360323887
0.139676113360324
0.97419028340081
0.884109311740891
0.726214574898785
0.359817813765182
0.887651821862348
0.979757085020243
0.962044534412955
0.812246963562753
0.90587044534413
0.984311740890688
0.9832995951417
0.911437246963563
0.529352226720648
0.422064777327935
0.899797570850202
1.00354251012146
1.01771255060729
0.959514170040486
0.976214574898785
0.962044534412955
0.682186234817814
0.649797570850202
0.788967611336032
0.423582995951417
0.598178137651822
0.813259109311741
0.892206477732793
1.00759109311741
0.928137651821862
0.576923076923077
0.967611336032389
0.942813765182186
1.00961538461538
0.765688259109312
0.129554655870445
0.716599190283401
0.783400809716599
0.154858299595142
0.959008097165992
0.950910931174089
0.644736842105263
0.802125506072874
0.301619433198381
1.00151821862348
0.982793522267207
0.989372469635628
0.928137651821862
0.94078947368421
1.00151821862348
0.968117408906883
0.228744939271255
0.94585020242915
0.917004048582996
0.482793522267206
0.930668016194332
0.316801619433198
0.276315789473684
0.754048582995951
0.940283400809717
0.864372469635628
0.831477732793522
1.01366396761134
0.235323886639676
0.660931174089069
0.984817813765182
0.0946356275303644
0.785425101214575
0.395242914979757
0.850202429149798
1.01518218623482
0.970141700404858
0.956983805668016
0.475708502024291
1.00910931174089
0.96002024291498
0.953947368421053
0.927125506072874
0.948380566801619
0.696862348178138
1.01619433198381
0.279858299595142
0.967105263157895
0.992914979757085
1.00506072874494
0.587550607287449
0.675101214574899
0.927125506072874
0.99746963562753
0.449392712550607
0.935728744939271
0.912955465587045
0.15587044534413
1.00556680161943
0.473684210526316
0.995445344129555
0.107287449392713
0.938765182186235
0.381072874493927
0.951923076923077
0.969635627530364
0.380566801619433
0.965587044534413
0.105769230769231
0.324392712550607
0.173076923076923
0.452429149797571
0.953441295546559
0.995951417004049
0.76163967611336
0.167004048582996
0.550101214574899
0.410931174089069
0.407388663967611
0.4832995951417
0.9832995951417
0.327429149797571
1.01518218623482
0.992914979757085
0.994433198380567
0.97419028340081
0.746457489878543
0.937246963562753
0.824898785425101
0.145748987854251
0.980769230769231
0.156882591093117
0.466599190283401
0.935728744939271
0.955971659919028
0.140688259109312
0.1082995951417
0.491902834008097
0.939271255060729
0.987348178137652
0.150303643724696
1.00303643724696
0.2332995951417
0.965587044534413
0.658400809716599
0.980263157894737
0.977226720647773
0.952935222672065
0.394230769230769
0.106275303643725
0.15587044534413
0.171052631578947
0.981275303643725
0.990890688259109
0.975708502024291
0.988866396761134
0.974696356275304
0.960526315789474
0.939777327935223
0.966599190283401
0.98836032388664
0.96912955465587
0.366902834008097
0.256072874493927
0.965080971659919
0.997975708502024
1.0501012145749
0.982793522267207
0.694331983805668
0.982793522267207
0.967105263157895
0.986842105263158
0.390182186234818
0.807692307692308
0.759109311740891
0.790991902834008
1.03036437246964
0.948380566801619
1.01163967611336
0.808198380566802
0.130060728744939
0.961032388663968
0.995951417004049
0.104757085020243
0.875506072874494
0.338056680161943
0.680668016194332
0.869433198380567
0.288461538461538
0.228238866396761
0.788967611336032
0.70495951417004
0.998481781376518
0.953441295546559
0.981275303643725
0.436234817813765
0.410425101214575
0.11082995951417
1.01113360323887
0.850202429149798
0.110323886639676
0.857287449392713
0.524797570850202
0.592105263157895
0.811234817813765
1.01973684210526
0.91497975708502
0.0996963562753036
0.349696356275304
0.169028340080972
0.206477732793522
1.01973684210526
0.178643724696356
1.01012145748988
1.00050607287449
0.855263157894737
0.97419028340081
0.280364372469636
0.105263157894737
0.565283400809717
0.149797570850202
0.884109311740891
0.911437246963563
0.984817813765182
0.268724696356275
0.97419028340081
0.120445344129555
0.951417004048583
0.598178137651822
0.909412955465587
0.121963562753036
0.79504048582996
0.959514170040486
0.393724696356275
0.983805668016194
0.13663967611336
0.222672064777328
0.173076923076923
1
0.953947368421053
0.823380566801619
0.151821862348178
0.966093117408907
0.203441295546559
0.991902834008097
0.162449392712551
0.686234817813765
0.156882591093117
0.967611336032389
0.990890688259109
0.951417004048583
1.00961538461538
0.974696356275304
0.966599190283401
0.996963562753036
0.190789473684211
0.312753036437247
0.755566801619433
0.96002024291498
0.975708502024291
0.946356275303644
0.990384615384615
0.111842105263158
0.117914979757085
0.162449392712551
0.603238866396761
0.933704453441296
0.671052631578947
0.992408906882591
0.980263157894737
0.946356275303644
1.03390688259109
0.975708502024291
0.616396761133603
0.362854251012146
0.981275303643725
0.670546558704453
0.763157894736842
0.184716599190283
0.801619433198381
0.289473684210526
0.575404858299595
1.01417004048583
0.345647773279352
0.807692307692308
0.188765182186235
1.00253036437247
0.629554655870445
0.72419028340081
0.971153846153846
0.902327935222672
0.15587044534413
0.847165991902834
0.473684210526316
0.96002024291498
0.123987854251012
0.821862348178138
0.980263157894737
0.988866396761134
0.416497975708502
0.964068825910931
0.994433198380567
0.111336032388664
0.861842105263158
0.771255060728745
0.938765182186235
0.9832995951417
0.72419028340081
0.324392712550607
0.493927125506073
0.796052631578947
0.90080971659919
1.00354251012146
0.76163967611336
0.991396761133603
0.470647773279352
0.432186234817814
0.895242914979757
0.723178137651822
0.146761133603239
0.0976720647773279
1.01366396761134
0.5
0.982793522267207
0.956477732793522
0.931174089068826
0.837550607287449
0.431174089068826
1.02682186234818
1
0.740890688259109
0.747975708502024
0.129048582995951
0.950910931174089
0.996457489878543
0.509615384615385
0.762145748987854
0.144230769230769
0.913967611336032
0.895242914979757
0.899291497975709
0.725202429149798
0.913461538461538
0.982287449392713
1.01214574898785
0.970647773279352
0.870445344129555
0.990890688259109
0.20495951417004
0.850708502024291
0.956477732793522
0.233805668016194
0.990890688259109
0.200910931174089
0.846153846153846
0.330971659919028
0.148785425101215
0.982287449392713
0.93421052631579
0.937753036437247
0.66751012145749
0.425607287449393
0.712550607287449
0.138663967611336
0.930161943319838
0.981275303643725
0.970141700404858
0.190789473684211
0.944838056680162
0.9832995951417
0.621963562753036
0.507591093117409
0.968117408906883
0.975708502024291
0.835526315789474
0.970141700404858
0.293522267206478
0.869433198380567
0.290485829959514
0.744433198380567
0.952935222672065
0.972165991902834
0.445344129554656
0.124493927125506
0.74746963562753
0.594635627530364
0.143724696356275
0.899291497975709
0.944838056680162
0.716093117408907
0.968117408906883
0.825910931174089
0.580465587044534
0.121963562753036
0.990384615384615
0.980769230769231
0.82085020242915
0.995951417004049
0.976720647773279
0.864372469635628
0.428643724696356
0.809716599190283
0.919534412955466
0.856781376518219
0.897267206477733
0.118421052631579
1.02024291497976
0.901315789473684
0.947368421052632
0.106275303643725
0.937753036437247
1.00404858299595
0.978238866396761
0.51163967611336
0.986842105263158
0.127024291497976
0.919028340080972
0.475708502024291
0.987854251012146
0.969635627530364
0.386133603238866
0.908906882591093
0.423582995951417
0.890688259109312
0.796558704453441
0.892712550607287
0.980769230769231
0.931174089068826
0.873987854251012
0.935222672064777
1.03188259109312
0.13663967611336
0.880566801619433
0.968117408906883
0.952429149797571
0.890688259109312
0.45748987854251
0.984817813765182
0.980263157894737
0.993927125506073
0.896255060728745
0.547570850202429
0.981275303643725
0.961032388663968
0.602732793522267
0.957995951417004
0.739878542510121
0.683198380566802
0.978744939271255
0.17914979757085
0.87753036437247
0.860323886639676
0.821356275303644
0.597165991902834
0.187753036437247
1.03087044534413
0.217105263157895
0.106781376518219
1.00202429149798
0.929655870445344
0.270242914979757
0.922570850202429
1.01062753036437
0.647267206477733
0.980769230769231
0.825910931174089
0.176113360323887
0.107793522267206
0.96002024291498
0.937246963562753
0.697874493927126
0.968117408906883
0.150303643724696
0.779352226720648
0.296052631578947
0.83248987854251
0.845141700404858
0.896255060728745
0.927125506072874
0.857793522267207
1.00506072874494
0.449392712550607
0.988866396761134
0.526315789473684
0.689271255060729
0.91751012145749
0.987854251012146
1.01163967611336
0.912955465587045
0.0996963562753036
0.590080971659919
0.859311740890688
0.9832995951417
0.753542510121457
0.81578947368421
0.926113360323887
1.03491902834008
0.145242914979757
0.17914979757085
0.411437246963563
0.330465587044534
0.908906882591093
0.988866396761134
0.601214574898785
0.101720647773279
0.996457489878543
0.998987854251012
0.953947368421053
0.959514170040486
0.99746963562753
0.892206477732793
0.893724696356275
0.868927125506073
0.90080971659919
0.715587044534413
1.01771255060729
0.19331983805668
1.0167004048583
0.616396761133603
0.83248987854251
0.277327935222672
0.158400809716599
0.885627530364372
0.751518218623482
0.965080971659919
0.104757085020243
0.899291497975709
0.984311740890688
0.988866396761134
0.343623481781377
0.120951417004049
1.00657894736842
0.926113360323887
0.115890688259109
0.73836032388664
0.987348178137652
0.95748987854251
0.647267206477733
0.730263157894737
0.172064777327935
0.802631578947368
0.915485829959514
0.937753036437247
0.90080971659919
1.00354251012146
0.9832995951417
0.942813765182186
0.972165991902834
0.968623481781376
0.12246963562753
0.181174089068826
0.839574898785425
1.00607287449393
0.975708502024291
0.273279352226721
0.989372469635628
1.01619433198381
1.0247975708502
0.209008097165992
0.80414979757085
0.689271255060729
0.912955465587045
1.02277327935223
0.98582995951417
0.194838056680162
0.968117408906883
0.151315789473684
0.270748987854251
0.255060728744939
0.932186234817814
0.912955465587045
0.66497975708502
0.342611336032389
0.23836032388664
0.900303643724696
0.288967611336032
1.00556680161943
0.984311740890688
0.217611336032389
0.339068825910931
1.00607287449393
0.614878542510121
0.341093117408907
0.118421052631579
0.938259109311741
0.208502024291498
0.992408906882591
0.98836032388664
0.87753036437247
0.919028340080972
0.194838056680162
0.917004048582996
0.264676113360324
1.02074898785425
0.787955465587045
0.884109311740891
0.998481781376518
0.119939271255061
0.955465587044534
0.292004048582996
0.581983805668016
0.217105263157895
0.126518218623482
0.114878542510121
0.970141700404858
1.02631578947368
0.232793522267206
1.01062753036437
0.986336032388664
1.00354251012146
0.921052631578947
0.888663967611336
0.120445344129555
0.936234817813765
0.962044534412955
0.569838056680162
0.622975708502024
0.962044534412955
0.363866396761134
0.548076923076923
0.978238866396761
0.643218623481781
0.990890688259109
0.978238866396761
1.03238866396761
0.650303643724696
1.00506072874494
0.184210526315789
0.822874493927126
0.489878542510121
0.191801619433198
0.938259109311741
0.730263157894737
0.993927125506073
0.978238866396761
0.607793522267207
0.15334008097166
1.00303643724696
0.966599190283401
0.97419028340081
0.785425101214575
0.932186234817814
0.255566801619433
0.744939271255061
0.770242914979757
0.0981781376518219
0.981275303643725
0.590080971659919
0.980769230769231
0.996457489878543
0.152834008097166
0.972672064777328
0.822368421052632
0.926619433198381
1.00657894736842
0.951923076923077
0.856275303643725
0.96912955465587
0.91497975708502
1.00708502024291
0.961032388663968
0.972672064777328
0.95495951417004
0.395748987854251
0.976720647773279
1.02985829959514
0.959008097165992
0.970647773279352
0.893218623481781
0.910425101214575
0.428643724696356
1.00657894736842
1.01113360323887
0.117408906882591
0.950404858299595
0.992408906882591
1.02226720647773
0.961032388663968
0.980769230769231
1.02682186234818
0.135627530364372
0.83248987854251
0.236336032388664
0.970141700404858
0.939271255060729
0.330465587044534
0.991902834008097
0.340587044534413
0.914473684210526
0.966093117408907
0.970141700404858
1.01062753036437
0.818825910931174
0.973684210526316
1.00961538461538
0.615890688259109
0.459514170040486
0.129048582995951
0.968117408906883
0.862348178137652
1.01467611336032
0.347165991902834
1.0080971659919
0.595141700404858
0.780364372469636
0.951923076923077
0.54251012145749
0.992408906882591
0.953441295546559
0.962550607287449
0.915991902834008
0.946356275303644
0.614372469635628
0.723178137651822
0.828441295546559
0.938259109311741
0.201417004048583
1.01417004048583
0.522267206477733
0.531376518218624
0.101720647773279
0.284412955465587
0.228744939271255
0.944331983805668
0.875
1.02024291497976
0.793522267206478
0.140182186234818
0.304655870445344
0.791497975708502
0.418522267206478
0.112348178137652
0.712550607287449
0.809716599190283
0.351214574898785
0.967611336032389
0.717611336032389
0.944331983805668
0.73582995951417
0.899797570850202
0.34919028340081
0.111842105263158
0.323380566801619
1.00910931174089
0.94331983805668
0.104757085020243
0.23582995951417
0.660931174089069
0.930161943319838
0.911943319838057
0.158400809716599
0.69331983805668
0.455971659919028
0.111842105263158
0.678137651821862
0.980769230769231
0.995445344129555
0.949898785425101
0.271761133603239
0.967611336032389
0.83248987854251
0.206983805668016
0.928643724696356
0.883097165991903
0.126012145748988
0.913461538461538
0.686234817813765
0.894230769230769
0.591093117408907
0.355263157894737
0.990384615384615
0.589574898785425
1.00253036437247
0.229757085020243
0.347672064777328
0.950404858299595
0.777834008097166
0.939777327935223
0.59412955465587
0.53997975708502
0.907894736842105
0.248481781376518
0.87246963562753
1.01771255060729
0.965080971659919
0.899797570850202
0.972165991902834
0.86082995951417
0.847672064777328
0.90334008097166
1.01467611336032
0.93421052631579
0.0956477732793522
0.981781376518219
0.880566801619433
1.01163967611336
0.976720647773279
0.350202429149798
0.930161943319838
0.31578947368421
0.573380566801619
0.983805668016194
0.972165991902834
0.168522267206478
0.972165991902834
0.609817813765182
0.133097165991903
0.192307692307692
0.399291497975709
1.03137651821862
0.723684210526316
0.9832995951417
0.911437246963563
0.993421052631579
0.965587044534413
0.324392712550607
0.950910931174089
0.665991902834008
0.524797570850202
0.129048582995951
0.779858299595142
0.152834008097166
0.975708502024291
0.222672064777328
0.415485829959514
0.368927125506073
0.959514170040486
0.978238866396761
1.04402834008097
0.865890688259109
0.903846153846154
0.372975708502024
0.179655870445344
0.754554655870445
0.993927125506073
0.95495951417004
0.993421052631579
1
0.0926113360323887
0.825910931174089
0.15080971659919
0.116396761133603
0.892206477732793
1.02074898785425
0.232287449392713
0.138157894736842
0.8917004048583
0.875506072874494
0.74746963562753
0.997975708502024
0.963056680161943
1.00151821862348
0.578441295546559
0.77834008097166
0.209514170040486
0.860323886639676
0.886133603238866
0.574392712550607
0.994433198380567
0.819838056680162
0.989372469635628
1.00404858299595
0.108805668016194
0.953441295546559
0.704453441295547
0.685728744939271
0.441801619433198
0.0910931174089069
0.949392712550607
0.782388663967611
0.797064777327935
0.951923076923077
0.982793522267207
0.562246963562753
0.909919028340081
0.981275303643725
1.00202429149798
0.908400809716599
0.824392712550607
0.965080971659919
0.76163967611336
0.641194331983806
0.18168016194332
0.977732793522267
0.699898785425101
0.296052631578947
0.871457489878543
0.824898785425101
0.830465587044534
0.954453441295547
0.961538461538462
0.970647773279352
0.991902834008097
0.114878542510121
0.490384615384615
0.197874493927125
0.751518218623482
0.953441295546559
0.892206477732793
1.01113360323887
0.177631578947368
0.185728744939271
1.00961538461538
0.951923076923077
0.937246963562753
0.273785425101215
0.454453441295547
1.02732793522267
0.97165991902834
0.686234817813765
0.988866396761134
1.03694331983806
0.347672064777328
0.15587044534413
0.73836032388664
0.993927125506073
0.977732793522267
0.940283400809717
0.827429149797571
0.992914979757085
0.867914979757085
0.195344129554656
0.161437246963563
1.0167004048583
0.988866396761134
0.90334008097166
0.855263157894737
0.953441295546559
0.975708502024291
0.865890688259109
1.00101214574899
1.00506072874494
0.301113360323887
0.365890688259109
0.78087044534413
0.66497975708502
0.640688259109312
1.02125506072874
0.28997975708502
0.51163967611336
0.956477732793522
1.02277327935223
1.00303643724696
0.209008097165992
0.894230769230769
0.122975708502024
0.831983805668016
0.934716599190283
0.3917004048583
0.629554655870445
0.911943319838057
0.913461538461538
0.206983805668016
0.746963562753036
0.113866396761134
0.226720647773279
0.888663967611336
0.965587044534413
0.201417004048583
0.787449392712551
0.36336032388664
0.161943319838057
0.921558704453441
0.185222672064777
1.00101214574899
1.01720647773279
0.199898785425101
0.126012145748988
0.103744939271255
0.600708502024291
0.924595141700405
0.652327935222672
0.95495951417004
0.977732793522267
0.932692307692308
0.996457489878543
0.952935222672065
0.685222672064777
0.985323886639676
1.02226720647773
0.977732793522267
0.988866396761134
0.926113360323887
1.02935222672065
0.100202429149798
0.102732793522267
0.927125506072874
0.978238866396761
0.115384615384615
0.996457489878543
0.872975708502024
0.940283400809717
0.338056680161943
0.761133603238866
0.943825910931174
0.934716599190283
1.02783400809717
0.159919028340081
0.964068825910931
0.92004048582996
0.825404858299595
0.336538461538462
0.23582995951417
0.244939271255061
0.976720647773279
0.104251012145749
0.974696356275304
0.850202429149798
0.93168016194332
0.97165991902834
0.862348178137652
0.959008097165992
1.01518218623482
0.935222672064777
0.199392712550607
1.00708502024291
0.998987854251012
0.90587044534413
0.844635627530364
0.244939271255061
0.693825910931174
0.94331983805668
0.151821862348178
0.982793522267207
0.135627530364372
0.964574898785425
0.978744939271255
0.90587044534413
0.870951417004049
0.837044534412955
1.01062753036437
0.116902834008097
0.354251012145749
0.387145748987854
0.278846153846154
0.274291497975709
0.828947368421053
0.108805668016194
0.90080971659919
0.973684210526316
0.992408906882591
0.116396761133603
0.871963562753036
0.120951417004049
0.819838056680162
0.913967611336032
0.925101214574899
0.968623481781376
0.373481781376518
0.959514170040486
0.997975708502024
1.02176113360324
0.955971659919028
0.745951417004049
0.110323886639676
0.25
0.993421052631579
0.690283400809717
0.996963562753036
0.12753036437247
0.982287449392713
0.723684210526316
0.962044534412955
0.941295546558704
0.73582995951417
0.11082995951417
0.182692307692308
0.286943319838057
0.700910931174089
0.95748987854251
1.01518218623482
0.476720647773279
1.03238866396761
0.123481781376518
0.15080971659919
0.444838056680162
0.15334008097166
0.324898785425101
1.00202429149798
0.127024291497976
0.117408906882591
0.406882591093117
0.696862348178138
0.75
0.156376518218623
1.03137651821862
0.957995951417004
0.13917004048583
0.652327935222672
0.818825910931174
0.899797570850202
0.918522267206478
0.995445344129555
0.706983805668016
0.383603238866397
0.826417004048583
0.995445344129555
0.484311740890688
0.930161943319838
0.883097165991903
0.989878542510121
0.937753036437247
0.234311740890688
0.845141700404858
0.98582995951417
0.906882591093117
0.966093117408907
0.944331983805668
0.662955465587045
0.545546558704453
0.263157894736842
0.976720647773279
0.899291497975709
0.301113360323887
0.870445344129555
0.777834008097166
0.228744939271255
1.00303643724696
0.366902834008097
0.406882591093117
0.684716599190283
0.960526315789474
1.02277327935223
1.00556680161943
0.145748987854251
0.740890688259109
0.94331983805668
0.985323886639676
0.962550607287449
0.63917004048583
0.168016194331984
0.963056680161943
0.161943319838057
0.957995951417004
0.0880566801619433
0.112348178137652
1.01315789473684
0.893218623481781
0.930668016194332
0.901315789473684
0.206477732793522
0.990384615384615
0.928137651821862
0.321862348178138
0.177631578947368
0.888663967611336
0.834008097165992
0.979757085020243
0.861336032388664
0.792004048582996
0.65080971659919
0.912955465587045
0.979757085020243
0.149797570850202
0.979757085020243
0.962550607287449
0.881578947368421
0.940283400809717
0.721153846153846
0.944838056680162
0.989372469635628
0.856781376518219
0.61082995951417
0.971153846153846
1.01872469635628
0.94585020242915
1.00151821862348
0.976214574898785
0.848684210526316
0.972165991902834
0.149797570850202
0.981781376518219
0.535931174089069
1.03593117408907
0.934716599190283
0.852732793522267
0.108805668016194
0.906376518218624
0.801113360323887
0.697368421052632
0.951923076923077
0.585526315789474
0.106275303643725
0.922064777327935
0.692307692307692
0.866902834008097
1.00253036437247
1.02176113360324
0.118421052631579
0.959514170040486
0.993421052631579
0.916497975708502
0.412955465587045
0.904858299595142
0.961538461538462
1
0.571862348178138
0.956983805668016
0.588562753036437
0.350202429149798
0.0961538461538462
0.697368421052632
0.699898785425101
0.970647773279352
0.967105263157895
0.943825910931174
0.773785425101215
0.891194331983806
0.984817813765182
0.926619433198381
0.967611336032389
1.01366396761134
0.991902834008097
0.851720647773279
0.959514170040486
0.172064777327935
0.69331983805668
0.976720647773279
0.948380566801619
0.873481781376518
0.711032388663968
0.380566801619433
0.969635627530364
0.75253036437247
0.957995951417004
0.992408906882591
0.992914979757085
0.97165991902834
0.534919028340081
0.138663967611336
1.02074898785425
0.950404858299595
0.25253036437247
0.114878542510121
0.857793522267207
0.999493927125506
0.571862348178138
0.38663967611336
0.540991902834008
0.476720647773279
0.98836032388664
0.975708502024291
0.313765182186235
0.1082995951417
0.499493927125506
0.359817813765182
0.903846153846154
0.90587044534413
0.300101214574899
0.981275303643725
0.499493927125506
0.98836032388664
0.441801619433198
1.02074898785425
0.86336032388664
0.845141700404858
0.989878542510121
0.673076923076923
1.02985829959514
0.400303643724696
0.18168016194332
0.962044534412955
0.559716599190283
0.92914979757085
0.688259109311741
0.119433198380567
0.929655870445344
0.367408906882591
0.392712550607287
1.00607287449393
1.0167004048583
0.293522267206478
0.848684210526316
0.836538461538462
0.242914979757085
0.919028340080972
0.992408906882591
0.756072874493927
0.998481781376518
0.200910931174089
0.995951417004049
0.942307692307692
1.00910931174089
0.842611336032389
0.964574898785425
0.972672064777328
0.978238866396761
0.975202429149798
0.913967611336032
0.475202429149798
0.953947368421053
0.97419028340081
0.759615384615385
0.987348178137652
0.146761133603239
0.958502024291498
0.972672064777328
0.993927125506073
0.970141700404858
0.956477732793522
0.370445344129555
0.68421052631579
0.397267206477733
0.967611336032389
0.92914979757085
0.841599190283401
1.00759109311741
0.929655870445344
0.330971659919028
0.559716599190283
0.762145748987854
0.972672064777328
0.94331983805668
1.02783400809717
0.890688259109312
0.288461538461538
0.145242914979757
0.278846153846154
0.534412955465587
0.904858299595142
0.97419028340081
0.526821862348178
0.605263157894737
0.91497975708502
0.206983805668016
0.94331983805668
0.239878542510121
0.939777327935223
0.962550607287449
0.976214574898785
0.971153846153846
0.825404858299595
0.118927125506073
0.114372469635628
0.938765182186235
0.211032388663968
0.34665991902834
0.751518218623482
0.808198380566802
0.99746963562753
0.16497975708502
0.128036437246964
0.990890688259109
0.345647773279352
0.0840080971659919
0.579453441295547
0.446862348178138
0.32085020242915
0.61082995951417
0.123987854251012
0.94078947368421
0.98582995951417
0.815283400809717
0.980769230769231
0.995445344129555
0.990890688259109
0.983805668016194
0.927125506072874
0.563765182186235
0.839574898785425
0.104757085020243
0.953441295546559
1.01619433198381
0.893218623481781
0.626518218623482
0.756072874493927
0.926619433198381
0.939777327935223
0.143218623481781
0.845141700404858
0.182186234817814
0.981781376518219
0.879554655870445
0.910425101214575
0.66751012145749
0.386133603238866
0.740890688259109
0.831477732793522
0.999493927125506
0.869939271255061
0.16497975708502
0.866902834008097
0.67914979757085
0.583502024291498
0.8917004048583
0.986842105263158
0.851720647773279
0.98582995951417
1.01771255060729
0.462550607287449
0.814777327935223
0.2332995951417
0.893724696356275
0.79251012145749
1.03087044534413
0.868927125506073
0.924595141700405
0.90080971659919
1.01265182186235
0.181174089068826
0.699392712550607
0.613866396761134
0.55414979757085
0.9832995951417
0.28087044534413
0.107793522267206
0.853238866396761
0.909412955465587
0.936740890688259
1.01568825910931
0.716093117408907
0.52580971659919
0.167004048582996
0.663461538461538
0.906376518218624
0.376012145748988
0.976214574898785
0.957995951417004
0.274797570850202
0.959514170040486
0.964068825910931
0.284412955465587
0.653846153846154
0.78997975708502
0.840080971659919
0.100708502024292
0.973178137651822
0.953947368421053
0.942813765182186
0.61082995951417
0.936740890688259
0.907388663967611
0.963056680161943
0.27580971659919
1.03896761133603
0.132085020242915
0.925101214574899
0.924595141700405
1.00556680161943
0.994433198380567
0.13917004048583
0.990384615384615
0.118421052631579
0.84412955465587
0.16497975708502
0.953441295546559
1.02580971659919
0.967611336032389
0.938765182186235
0.228744939271255
0.218117408906883
0.160425101214575
0.969635627530364
0.812753036437247
0.981781376518219
0.491902834008097
0.961032388663968
0.732793522267207
0.972165991902834
1.01619433198381
0.996963562753036
0.980263157894737
0.449898785425101
0.165991902834008
0.959008097165992
0.107793522267206
0.439271255060729
0.948380566801619
0.742914979757085
1
0.959008097165992
0.279352226720648
0.991902834008097
1.00253036437247
0.122975708502024
0.261133603238866
0.972165991902834
0.409919028340081
0.315283400809717
0.49746963562753
0.300607287449393
0.863866396761134
0.142712550607287
0.188259109311741
0.410425101214575
0.541497975708502
0.2332995951417
0.777327935222672
0.127024291497976
0.597672064777328
0.323380566801619
0.257085020242915
0.964068825910931
0.202935222672065
0.499493927125506
0.202935222672065
0.26417004048583
0.383097165991903
0.779858299595142
0.192307692307692
0.151315789473684
0.246963562753036
0.533906882591093
0.15587044534413
0.200404858299595
0.137651821862348
0.301619433198381
0.134615384615385
0.139676113360324
0.109311740890688
0.112854251012146
0.203441295546559
0.408400809716599
0.139676113360324
0.124493927125506
0.856275303643725
0.194331983805668
0.242408906882591
0.956983805668016
0.682186234817814
0.439777327935223
0.248987854251012
0.112348178137652
0.398785425101215
0.964574898785425
0.245951417004049
0.946862348178138
0.339574898785425
0.44585020242915
0.327429149797571
0.203947368421053
0.111336032388664
0.216599190283401
0.332995951417004
0.133603238866397
0.862854251012146
0.097165991902834
0.106275303643725
0.250506072874494
0.152327935222672
0.261133603238866
0.11082995951417
0.338056680161943
0.885121457489879
0.951417004048583
0.87753036437247
0.478744939271255
0.573886639676113
0.11336032388664
1.02935222672065
0.931174089068826
0.62246963562753
0.293016194331984
0.122975708502024
0.933198380566802
0.349696356275304
0.439777327935223
0.330465587044534
0.126012145748988
0.17004048582996
0.38663967611336
0.225708502024291
0.398279352226721
0.97419028340081
0.382085020242915
1.01568825910931
0.12246963562753
0.677631578947368
0.919028340080972
1.04554655870445
0.385121457489879
0.369433198380567
0.15080971659919
0.27834008097166
0.11082995951417
0.221153846153846
0.797064777327935
0.267712550607287
0.960526315789474
0.125
0.182692307692308
0.416497975708502
0.337550607287449
0.19585020242915
0.182692307692308
0.223684210526316
0.46002024291498
0.8582995951417
0.106275303643725
0.727226720647773
0.350708502024291
0.206477732793522
0.647773279352227
0.28997975708502
0.235323886639676
0.65334008097166
0.239878542510121
0.805668016194332
0.118927125506073
0.187246963562753
0.105769230769231
0.114372469635628
0.217611336032389
0.105769230769231
0.114372469635628
0.218623481781377
0.274797570850202
0.38917004048583
0.247975708502024
0.520242914979757
0.138157894736842
0.343623481781377
0.355263157894737
0.189777327935223
0.198886639676113
0.330465587044534
0.21002024291498
0.837044534412955
1.02732793522267
0.18168016194332
0.973178137651822
0.717105263157895
0.642712550607287
0.323886639676113
0.354251012145749
0.421052631578947
0.108805668016194
0.260121457489879
0.194838056680162
0.962044534412955
0.69078947368421
0.217611336032389
0.200404858299595
0.214068825910931
0.975708502024291
0.567307692307692
0.948380566801619
0.741396761133603
0.384615384615385
0.132085020242915
0.210526315789474
0.434716599190283
0.143218623481781
0.74746963562753
0.206477732793522
0.366396761133603
0.107793522267206
0.569331983805668
0.292004048582996
0.259615384615385
0.948380566801619
0.620951417004049
0.183704453441296
0.330971659919028
0.317307692307692
0.350202429149798
0.754048582995951
0.934716599190283
0.638663967611336
0.537955465587045
0.174595141700405
0.167004048582996
0.588562753036437
0.529352226720648
0.757085020242915
0.927125506072874
0.110323886639676
0.13917004048583
0.116902834008097
0.13663967611336
0.106275303643725
0.176619433198381
0.730263157894737
0.44585020242915
0.188259109311741
0.404858299595142
0.232287449392713
0.870951417004049
0.138157894736842
0.313259109311741
0.367408906882591
0.169534412955466
0.528846153846154
0.262145748987854
0.188765182186235
0.45495951417004
0.745951417004049
0.628542510121457
0.161437246963563
0.2332995951417
0.187753036437247
1.02429149797571
0.685222672064777
0.262651821862348
0.229251012145749
0.3917004048583
0.251012145748988
0.158906882591093
0.319331983805668
0.11082995951417
0.332995951417004
0.217105263157895
0.490890688259109
0.51417004048583
0.481275303643725
0.197874493927125
0.283400809716599
0.989878542510121
0.279352226720648
0.151821862348178
0.389676113360324
0.171052631578947
0.660425101214575
0.468623481781377
0.228238866396761
0.178643724696356
0.510627530364372
1.03593117408907
0.151315789473684
0.483805668016194
0.229757085020243
0.101214574898785
0.109817813765182
0.275303643724696
0.330971659919028
0.723684210526316
0.776821862348178
0.328441295546559
0.153846153846154
0.29251012145749
0.23836032388664
0.160931174089069
0.786943319838057
0.203441295546559
0.383097165991903
0.105769230769231
0.256072874493927
0.896255060728745
0.425101214574899
0.556174089068826
0.540485829959514
0.269736842105263
0.233805668016194
0.30921052631579
0.355769230769231
0.116902834008097
0.269736842105263
0.452935222672065
0.731275303643725
0.843623481781376
0.486842105263158
0.297064777327935
0.790991902834008
0.198886639676113
0.713056680161943
0.125506072874494
0.106275303643725
0.431174089068826
0.394736842105263
0.173582995951417
1.00202429149798
0.600202429149798
0.587550607287449
0.563259109311741
0.972672064777328
0.885627530364372
0.45748987854251
0.468623481781377
0.266194331983806
0.0951417004048583
0.197874493927125
0.15587044534413
0.159412955465587
0.747975708502024
1.0086032388664
0.752024291497976
0.561234817813765
0.0865384615384615
0.979757085020243
0.100708502024292
0.944838056680162
0.791497975708502
0.954453441295547
0.767206477732793
0.970647773279352
0.336538461538462
0.377024291497976
0.123987854251012
0.482793522267206
1.0080971659919
0.720141700404858
0.317813765182186
0.150303643724696
0.104251012145749
0.154858299595142
0.178643724696356
0.979251012145749
0.17004048582996
1.00455465587045
0.269230769230769
0.871457489878543
0.274797570850202
0.482287449392713
0.17004048582996
0.177125506072875
0.314777327935223
0.180161943319838
0.955971659919028
0.373987854251012
0.147267206477733
0.156882591093117
0.599696356275304
0.201923076923077
0.977732793522267
0.24746963562753
0.833502024291498
0.939777327935223
0.163461538461538
0.173076923076923
1.01619433198381
0.227226720647773
0.973684210526316
0.954453441295547
0.50253036437247
0.212044534412955
0.96002024291498
0.303643724696356
0.946862348178138
0.714068825910931
0.990890688259109
0.475202429149798
0.945344129554656
0.932692307692308
0.976720647773279
0.209008097165992
0.502024291497976
0.91497975708502
0.444331983805668
0.994939271255061
0.254048582995951
0.973684210526316
0.570344129554656
0.987854251012146
0.979251012145749
0.594635627530364
0.957995951417004
0.200404858299595
0.939777327935223
0.111336032388664
0.919028340080972
0.947368421052632
0.232287449392713
0.806174089068826
0.924595141700405
0.928137651821862
0.0981781376518219
0.415485829959514
0.991396761133603
0.849696356275304
0.927125506072874
0.978744939271255
0.776821862348178
0.855769230769231
0.669028340080972
0.94331983805668
0.727226720647773
0.994939271255061
0.269230769230769
1.00050607287449
